$GPGSV,3,1,12,05,11,319,24,02,10,279,,03,07,151,,06,14,234,*78
$GPGSV,3,2,12,07,69,333,,08,05,098,,09,58,054,,16,06,035,*7E
$GPGSV,3,3,12,23,33,088,,27,02,070,,28,18,188,,30,53,264,*7C
$GLGSV,2,1,07,70,39,135,26,74,52,239,,73,63,008,,80,10,032,*62
$GLGSV,2,2,07,75,02,222,,71,78,021,,72,28,330,*55
$GPGGA,,,,,,0,,,,,,,,*66
$GNGNS,,,,,,NN,,,,,,*53
$GPVTG,,T,,M,,N,,K,N*2C
$GPRMC,,V,,,,,,,,,,N*53
$GPGSA,A,1,,,,,,,,,,,,,,,*1E
$GNGSA,A,1,,,,,,,,,,,,,,,*00
$GPGSV,3,1,12,05,11,319,24,02,10,279,,03,07,151,,06,14,234,*78
$GPGSV,3,2,12,07,69,333,,08,05,098,,09,58,054,,16,06,035,*7E
$GPGSV,3,3,12,23,33,088,,27,02,070,,28,18,188,,30,53,264,*7C
$GLGSV,2,1,07,70,39,135,26,74,52,239,,73,63,008,,80,10,032,*62
$GLGSV,2,2,07,75,02,222,,71,78,021,,72,28,330,*55
$GPGGA,,,,,,0,,,,,,,,*66
$GNGNS,,,,,,NN,,,,,,*53
$GPVTG,,T,,M,,N,,K,N*2C
$GPRMC,,V,,,,,,,,,,N*53
$GPGSA,A,1,,,,,,,,,,,,,,,*1E
$GNGSA,A,1,,,,,,,,,,,,,,,*00
$GPGSV,3,1,12,05,11,319,24,02,10,279,,03,07,151,,06,14,234,*78
$GPGSV,3,2,12,07,69,333,,08,05,098,,09,58,054,,16,06,035,*7E
$GPGSV,3,3,12,23,33,088,,27,02,070,,28,18,188,,30,53,264,*7C
$GLGSV,2,1,07,70,39,135,26,74,52,239,,73,63,008,,80,10,032,*62
$GLGSV,2,2,07,75,02,222,,71,78,021,,72,28,330,*55
$GPGGA,,,,,,0,,,,,,,,*66
$GNGNS,,,,,,NN,,,,,,*53
$GPVTG,,T,,M,,N,,K,N*2C
$GPRMC,,V,,,,,,,,,,N*53
$GPGSA,A,1,,,,,,,,,,,,,,,*1E
$GNGSA,A,1,,,,,,,,,,,,,,,*00
$GPGSV,3,1,12,05,11,319,24,02,10,279,,03,07,151,,06,14,234,*78
$GPGSV,3,2,12,07,69,333,,08,05,098,,09,58,054,,16,06,035,*7E
$GPGSV,3,3,12,23,33,088,,27,02,070,,28,18,188,,30,53,264,*7C
$GLGSV,2,1,07,70,39,135,26,74,52,239,,73,63,008,,80,10,032,*62
$GLGSV,2,2,07,75,02,222,,71,78,021,,72,28,330,*55
$GPGGA,,,,,,0,,,,,,,,*66
$GNGNS,,,,,,NN,,,,,,*53
$GPVTG,,T,,M,,N,,K,N*2C
$GPRMC,,V,,,,,,,,,,N*53
$GPGSA,A,1,,,,,,,,,,,,,,,*1E
$GNGSA,A,1,,,,,,,,,,,,,,,*00
$GPGSV,3,1,12,05,11,319,24,02,10,279,,03,07,151,,06,14,234,*78
$GPGSV,3,2,12,07,69,333,,08,05,098,,09,58,054,,16,06,035,*7E
$GPGSV,3,3,12,23,33,088,,27,02,070,,28,18,188,,30,53,264,*7C
$GLGSV,2,1,07,70,39,135,26,74,52,239,,73,63,008,,80,10,032,*62
$GLGSV,2,2,07,75,02,222,,71,78,021,,72,28,330,*55
$GPGGA,,,,,,0,,,,,,,,*66
$GNGNS,,,,,,NN,,,,,,*53
$GPVTG,,T,,M,,N,,K,N*2C
$GPRMC,,V,,,,,,,,,,N*53
$GPGSA,A,1,,,,,,,,,,,,,,,*1E
$GNGSA,A,1,,,,,,,,,,,,,,,*00
$GPGSV,3,1,12,05,11,319,24,02,10,279,,03,07,151,,06,14,234,*78
$GPGSV,3,2,12,07,69,333,,08,05,098,,09,58,054,,16,06,035,*7E
$GPGSV,3,3,12,23,33,088,,27,02,070,,28,18,188,,30,53,264,*7C
$GLGSV,2,1,07,70,39,135,26,74,52,239,,73,63,008,,80,10,032,*62
$GLGSV,2,2,07,75,02,222,,71,78,021,,72,28,330,*55
$GPGGA,,,,,,0,,,,,,,,*66
$GNGNS,,,,,,NN,,,,,,*53
$GPVTG,,T,,M,,N,,K,N*2C
$GPRMC,,V,,,,,,,,,,N*53
$GPGSA,A,1,,,,,,,,,,,,,,,*1E
$GNGSA,A,1,,,,,,,,,,,,,,,*00
$GPGSV,3,1,12,05,11,319,24,02,10,279,,03,07,151,,06,14,234,*78
$GPGSV,3,2,12,07,69,333,,08,05,098,,09,58,054,,16,06,035,*7E
$GPGSV,3,3,12,23,33,088,,27,02,070,,28,18,188,,30,53,264,*7C
$GLGSV,2,1,07,70,39,135,26,74,52,239,,73,63,008,,80,10,032,*62
$GLGSV,2,2,07,75,02,222,,71,78,021,,72,28,330,*55
$GPGGA,,,,,,0,,,,,,,,*66
$GNGNS,,,,,,NN,,,,,,*53
$GPVTG,,T,,M,,N,,K,N*2C
$GPRMC,,V,,,,,,,,,,N*53
$GPGSA,A,1,,,,,,,,,,,,,,,*1E
$GNGSA,A,1,,,,,,,,,,,,,,,*00
$GPGSV,3,1,12,05,11,319,24,02,10,279,,03,07,151,,06,14,234,*78
$GPGSV,3,2,12,07,69,333,,08,05,098,,09,58,054,,16,06,035,*7E
$GPGSV,3,3,12,23,33,088,,27,02,070,,28,18,188,,30,53,264,*7C
$GLGSV,2,1,07,70,39,135,26,74,52,239,,73,63,008,,80,10,032,*62
$GLGSV,2,2,07,75,02,222,,71,78,021,,72,28,330,*55
$GPGGA,,,,,,0,,,,,,,,*66
$GNGNS,,,,,,NN,,,,,,*53
$GPVTG,,T,,M,,N,,K,N*2C
$GPRMC,,V,,,,,,,,,,N*53
$GPGSA,A,1,,,,,,,,,,,,,,,*1E
$GNGSA,A,1,,,,,,,,,,,,,,,*00
$GPGSV,3,1,12,05,11,319,24,02,10,279,,03,07,151,,06,14,234,*78
$GPGSV,3,2,12,07,69,333,,08,05,098,,09,58,054,,16,06,035,*7E
$GPGSV,3,3,12,23,33,088,,27,02,070,,28,18,188,,30,53,264,*7C
$GLGSV,2,1,07,70,39,135,26,74,52,239,,73,63,008,,80,10,032,*62
$GLGSV,2,2,07,75,02,222,,71,78,021,,72,28,330,*55
$GPGGA,,,,,,0,,,,,,,,*66
$GNGNS,,,,,,NN,,,,,,*53
$GPVTG,,T,,M,,N,,K,N*2C
$GPRMC,,V,,,,,,,,,,N*53
$GPGSA,A,1,,,,,,,,,,,,,,,*1E
$GNGSA,A,1,,,,,,,,,,,,,,,*00
$GPGSV,3,1,12,05,11,319,24,02,10,279,,03,07,151,,06,14,234,*78
$GPGSV,3,2,12,07,69,333,,08,05,098,,09,58,054,,16,06,035,*7E
$GPGSV,3,3,12,23,33,088,,27,02,070,,28,18,188,,30,53,264,*7C
$GLGSV,2,1,07,70,39,135,26,74,52,239,,73,63,008,,80,10,032,*62
$GLGSV,2,2,07,75,02,222,,71,78,021,,72,28,330,*55
$GPGGA,,,,,,0,,,,,,,,*66
$GNGNS,,,,,,NN,,,,,,*53
$GPVTG,,T,,M,,N,,K,N*2C
$GPRMC,,V,,,,,,,,,,N*53
$GPGSA,A,1,,,,,,,,,,,,,,,*1E
$GNGSA,A,1,,,,,,,,,,,,,,,*00
$GPGSV,3,1,12,05,11,319,24,02,10,279,,03,07,151,,06,14,234,*78
$GPGSV,3,2,12,07,69,333,,08,05,098,,09,58,054,,16,06,035,*7E
$GPGSV,3,3,12,23,33,088,,27,02,070,,28,18,188,,30,53,264,*7C
$GLGSV,2,1,07,70,39,135,26,74,52,239,,73,63,008,,80,10,032,*62
$GLGSV,2,2,07,75,02,222,,71,78,021,,72,28,330,*55
$GPGGA,,,,,,0,,,,,,,,*66
$GNGNS,,,,,,NN,,,,,,*53
$GPVTG,,T,,M,,N,,K,N*2C
$GPRMC,,V,,,,,,,,,,N*53
$GPGSA,A,1,,,,,,,,,,,,,,,*1E
$GNGSA,A,1,,,,,,,,,,,,,,,*00
$GPGSV,3,1,12,05,11,319,24,02,10,279,,03,07,151,,06,14,234,*78
$GPGSV,3,2,12,07,69,333,,08,05,098,,09,58,054,,16,06,035,*7E
$GPGSV,3,3,12,23,33,088,,27,02,070,,28,18,188,,30,53,264,*7C
$GLGSV,2,1,07,70,39,135,26,74,52,239,,73,63,008,,80,10,032,*62
$GLGSV,2,2,07,75,02,222,,71,78,021,,72,28,330,*55
$GPGGA,,,,,,0,,,,,,,,*66
$GNGNS,,,,,,NN,,,,,,*53
$GPVTG,,T,,M,,N,,K,N*2C
$GPRMC,,V,,,,,,,,,,N*53
$GPGSA,A,1,,,,,,,,,,,,,,,*1E
$GNGSA,A,1,,,,,,,,,,,,,,,*00
$GPGSV,3,1,12,05,11,319,24,02,10,279,,03,07,151,,06,14,234,*78
$GPGSV,3,2,12,07,69,333,,08,05,098,,09,58,054,,16,06,035,*7E
$GPGSV,3,3,12,23,33,088,,27,02,070,,28,18,188,,30,53,264,*7C
$GLGSV,2,1,07,70,39,135,26,74,52,239,,73,63,008,,80,10,032,*62
$GLGSV,2,2,07,75,02,222,,71,78,021,,72,28,330,*55
$GPGGA,,,,,,0,,,,,,,,*66
$GNGNS,,,,,,NN,,,,,,*53
$GPVTG,,T,,M,,N,,K,N*2C
$GPRMC,,V,,,,,,,,,,N*53
$GPGSA,A,1,,,,,,,,,,,,,,,*1E
$GNGSA,A,1,,,,,,,,,,,,,,,*00
$GPGSV,3,1,12,05,11,319,24,02,10,279,,03,07,151,,06,14,234,*78
$GPGSV,3,2,12,07,69,333,,08,05,098,,09,58,054,,16,06,035,*7E
$GPGSV,3,3,12,23,33,088,,27,02,070,,28,18,188,,30,53,264,*7C
$GLGSV,2,1,07,70,39,135,26,74,52,239,,73,63,008,,80,10,032,*62
$GLGSV,2,2,07,75,02,222,,71,78,021,,72,28,330,*55
$GPGGA,,,,,,0,,,,,,,,*66
$GNGNS,,,,,,NN,,,,,,*53
$GPVTG,,T,,M,,N,,K,N*2C
$GPRMC,,V,,,,,,,,,,N*53
$GPGSA,A,1,,,,,,,,,,,,,,,*1E
$GNGSA,A,1,,,,,,,,,,,,,,,*00
$GPGSV,3,1,12,05,11,319,24,02,10,279,,03,07,151,,06,14,234,*78
$GPGSV,3,2,12,07,69,333,,08,05,098,,09,58,054,,16,06,035,*7E
$GPGSV,3,3,12,23,33,088,,27,02,070,,28,18,188,,30,53,264,*7C
$GLGSV,2,1,07,70,39,135,26,74,52,239,,73,63,008,,80,10,032,*62
$GLGSV,2,2,07,75,02,222,,71,78,021,,72,28,330,*55
$GPGGA,,,,,,0,,,,,,,,*66
$GNGNS,,,,,,NN,,,,,,*53
$GPVTG,,T,,M,,N,,K,N*2C
$GPRMC,,V,,,,,,,,,,N*53
$GPGSA,A,1,,,,,,,,,,,,,,,*1E
$GNGSA,A,1,,,,,,,,,,,,,,,*00
$GPGSV,3,1,12,05,11,319,24,02,10,279,,03,07,151,,06,14,234,*78
$GPGSV,3,2,12,07,69,333,,08,05,098,,09,58,054,,16,06,035,*7E
$GPGSV,3,3,12,23,33,088,,27,02,070,,28,18,188,,30,53,264,*7C
$GLGSV,2,1,07,70,39,135,26,74,52,239,,73,63,008,,80,10,032,*62
$GLGSV,2,2,07,75,02,222,,71,78,021,,72,28,330,*55
$GPGGA,,,,,,0,,,,,,,,*66
$GNGNS,,,,,,NN,,,,,,*53
$GPVTG,,T,,M,,N,,K,N*2C
$GPRMC,,V,,,,,,,,,,N*53
$GPGSA,A,1,,,,,,,,,,,,,,,*1E
$GNGSA,A,1,,,,,,,,,,,,,,,*00
$GPGSV,3,1,12,05,11,319,24,02,10,279,,03,07,151,,06,14,234,*78
$GPGSV,3,2,12,07,69,333,,08,05,098,,09,58,054,,16,06,035,*7E
$GPGSV,3,3,12,23,33,088,,27,02,070,,28,18,188,,30,53,264,*7C
$GLGSV,2,1,07,70,39,135,26,74,52,239,,73,63,008,,80,10,032,*62
$GLGSV,2,2,07,75,02,222,,71,78,021,,72,28,330,*55
$GPGGA,,,,,,0,,,,,,,,*66
$GNGNS,,,,,,NN,,,,,,*53
$GPVTG,,T,,M,,N,,K,N*2C
$GPRMC,,V,,,,,,,,,,N*53
$GPGSA,A,1,,,,,,,,,,,,,,,*1E
$GNGSA,A,1,,,,,,,,,,,,,,,*00
$GPGSV,3,1,12,05,11,319,24,02,10,279,,03,07,151,,06,14,234,*78
$GPGSV,3,2,12,07,69,333,,08,05,098,,09,58,054,,16,06,035,*7E
$GPGSV,3,3,12,23,33,088,,27,02,070,,28,18,188,,30,53,264,*7C
$GLGSV,2,1,07,70,39,135,26,74,52,239,,73,63,008,,80,10,032,*62
$GLGSV,2,2,07,75,02,222,,71,78,021,,72,28,330,*55
$GPGGA,,,,,,0,,,,,,,,*66
$GNGNS,,,,,,NN,,,,,,*53
$GPVTG,,T,,M,,N,,K,N*2C
$GPRMC,,V,,,,,,,,,,N*53
$GPGSA,A,1,,,,,,,,,,,,,,,*1E
$GNGSA,A,1,,,,,,,,,,,,,,,*00
$GPGSV,3,1,12,05,11,319,24,02,10,279,,03,07,151,,06,14,234,*78
$GPGSV,3,2,12,07,69,333,,08,05,098,,09,58,054,,16,06,035,*7E
$GPGSV,3,3,12,23,33,088,,27,02,070,,28,18,188,,30,53,264,*7C
$GLGSV,2,1,07,70,39,135,26,74,52,239,,73,63,008,,80,10,032,*62
$GLGSV,2,2,07,75,02,222,,71,78,021,,72,28,330,*55
$GPGGA,,,,,,0,,,,,,,,*66
$GNGNS,,,,,,NN,,,,,,*53
$GPVTG,,T,,M,,N,,K,N*2C
$GPRMC,,V,,,,,,,,,,N*53
$GPGSA,A,1,,,,,,,,,,,,,,,*1E
$GNGSA,A,1,,,,,,,,,,,,,,,*00
$GPGSV,3,1,12,05,11,319,24,02,10,279,,03,07,151,,06,14,234,*78
$GPGSV,3,2,12,07,69,333,,08,05,098,,09,58,054,,16,06,035,*7E
$GPGSV,3,3,12,23,33,088,,27,02,070,,28,18,188,,30,53,264,*7C
$GLGSV,2,1,07,70,39,135,26,74,52,239,,73,63,008,,80,10,032,*62
$GLGSV,2,2,07,75,02,222,,71,78,021,,72,28,330,*55
$GPGGA,,,,,,0,,,,,,,,*66
$GNGNS,,,,,,NN,,,,,,*53
$GPVTG,,T,,M,,N,,K,N*2C
$GPRMC,,V,,,,,,,,,,N*53
$GPGSA,A,1,,,,,,,,,,,,,,,*1E
$GNGSA,A,1,,,,,,,,,,,,,,,*00
$GPGSV,3,1,12,05,11,319,24,02,10,279,,03,07,151,,06,14,234,*78
$GPGSV,3,2,12,07,69,333,,08,05,098,,09,58,054,,16,06,035,*7E
$GPGSV,3,3,12,23,33,088,,27,02,070,,28,18,188,,30,53,264,*7C
$GLGSV,2,1,07,70,39,135,26,74,52,239,,73,63,008,,80,10,032,*62
$GLGSV,2,2,07,75,02,222,,71,78,021,,72,28,330,*55
$GPGGA,,,,,,0,,,,,,,,*66
$GNGNS,,,,,,NN,,,,,,*53
$GPVTG,,T,,M,,N,,K,N*2C
$GPRMC,,V,,,,,,,,,,N*53
$GPGSA,A,1,,,,,,,,,,,,,,,*1E
$GNGSA,A,1,,,,,,,,,,,,,,,*00
$GPGSV,3,1,12,05,11,319,24,02,10,279,,03,07,151,,06,14,234,*78
$GPGSV,3,2,12,07,69,333,,08,05,098,,09,58,054,,16,06,035,*7E
$GPGSV,3,3,12,23,33,088,,27,02,070,,28,18,188,,30,53,264,*7C
$GLGSV,2,1,07,70,39,135,26,74,52,239,,73,63,008,,80,10,032,*62
$GLGSV,2,2,07,75,02,222,,71,78,021,,72,28,330,*55
$GPGGA,,,,,,0,,,,,,,,*66
$GNGNS,,,,,,NN,,,,,,*53
$GPVTG,,T,,M,,N,,K,N*2C
$GPRMC,,V,,,,,,,,,,N*53
$GPGSA,A,1,,,,,,,,,,,,,,,*1E
$GNGSA,A,1,,,,,,,,,,,,,,,*00
$GPGSV,3,1,12,05,11,319,24,02,10,279,,03,07,151,,06,14,234,*78
$GPGSV,3,2,12,07,69,333,,08,05,098,,09,58,054,,16,06,035,*7E
$GPGSV,3,3,12,23,33,088,,27,02,070,,28,18,188,,30,53,264,*7C
$GLGSV,2,1,07,70,39,135,26,74,52,239,,73,63,008,,80,10,032,*62
$GLGSV,2,2,07,75,02,222,,71,78,021,,72,2